%YAML:1.0
---
R: !!opencv-matrix
   rows: 3
   cols: 3
   dt: d
   data: [ 9.9998525735167265e-01, 3.5313918768940609e-03,
       4.1248455390222828e-03, -3.5019931661330519e-03,
       9.9996857130569872e-01, -7.1128366144628044e-03,
       -4.1498341139547716e-03, 7.0982865715249858e-03,
       9.9996619603093340e-01 ]
T: !!opencv-matrix
   rows: 3
   cols: 1
   dt: d
   data: [ -6.6541610873674955e+01, 7.3831152646856224e-01,
       -9.7022698269835880e-02 ]
Rl: !!opencv-matrix
   rows: 3
   cols: 3
   dt: d
   data: [ 9.9995544974728401e-01, -7.5529228541937783e-03,
       5.6614377207101557e-03, 7.5729172115046248e-03,
       9.9996513459229963e-01, -3.5185969805958325e-03,
       -5.6346646408264103e-03, 3.5613138253681701e-03,
       9.9997778355232603e-01 ]
Rr: !!opencv-matrix
   rows: 3
   cols: 3
   dt: d
   data: [ 9.9993738798145804e-01, -1.1094791508657100e-02,
       1.4579842929719079e-03, 1.1089560651070807e-02,
       9.9993221389488529e-01, 3.5481346986387680e-03,
       -1.4972512766213953e-03, -3.5317441375180047e-03,
       9.9999264248391428e-01 ]
Pl: !!opencv-matrix
   rows: 3
   cols: 4
   dt: d
   data: [ 4.4828830768891254e+02, 0., 3.3378979873657227e+02, 0., 0.,
       4.4828830768891254e+02, 2.4358530807495117e+02, 0., 0., 0., 1.,
       0. ]
Pr: !!opencv-matrix
   rows: 3
   cols: 4
   dt: d
   data: [ 4.4828830768891254e+02, 0., 3.3378979873657227e+02,
       -2.9831693952028752e+04, 0., 4.4828830768891254e+02,
       2.4358530807495117e+02, 0., 0., 0., 1., 0. ]
Q: !!opencv-matrix
   rows: 4
   cols: 4
   dt: d
   data: [ 1., 0., 0., -3.3378979873657227e+02, 0., 1., 0.,
       -2.4358530807495117e+02, 0., 0., 0., 4.4828830768891254e+02, 0.,
       0., 1.5027249488741351e-02, 0. ]
