%YAML:1.0
---
cameraMatrixL: !!opencv-matrix
   rows: 3
   cols: 3
   dt: d
   data: [ 5.3340329869604568e+02, 0., 3.4251343404573242e+02, 0.,
       5.3343400759599865e+02, 2.3475339203381006e+02, 0., 0., 1. ]
cameraDistcoeffL: !!opencv-matrix
   rows: 5
   cols: 1
   dt: d
   data: [ -2.8214576118339407e-01, 4.0836140986216227e-02,
       1.2057928186359358e-03, -1.2305215481972579e-04,
       1.1410345013850358e-01 ]
cameraMatrixR: !!opencv-matrix
   rows: 3
   cols: 3
   dt: d
   data: [ 5.3699963439301507e+02, 0., 3.2744780332896050e+02, 0.,
       5.3658498337541403e+02, 2.4990025254826168e+02, 0., 0., 1. ]
cameraDistcoeffR: !!opencv-matrix
   rows: 5
   cols: 1
   dt: d
   data: [ -2.9611668909591066e-01, 1.3890771923857359e-01,
       -5.0433446826884357e-04, 9.4752799971328170e-05,
       -4.9056228522802267e-02 ]
